34_01_20170802.jpg  2.21457045e+001  -8.31425232e-001  -7.01752482e-001   1.16580717e+000  -4.15298279e-001   3.63690635e+000 
34_02_20170802.jpg  1.42529929e+001  -4.69104602e-001  -3.44439745e-001   1.18779145e+000   1.54341945e-001   3.60445072e+000 
34_03_20170802.jpg  6.88310868e+000   1.75045781e-001  -1.16628790e+000   1.23821494e+000   6.07941256e-001   3.50341691e+000 
34_04_20170802.jpg  2.42472733e+000  -8.46145595e-001  -1.41890845e+000   1.11521781e+000   8.59226631e-001   3.43284726e+000 
34_05_20170802.jpg  2.26742937e+001   5.46827191e+000  -5.11733972e+000   1.65158452e+000  -4.30054157e-001   3.43778351e+000 
34_06_20170802.jpg  2.32489339e+001   1.20060157e+001  -7.98132007e+000   2.06691882e+000  -4.40370442e-001   3.20081102e+000 
34_07_20170802.jpg  2.34381018e+001   1.55974964e+001  -1.03166646e+001   2.27128740e+000  -4.44234123e-001   3.05249820e+000 
34_08_20170802.jpg  3.00487147e+001  -1.65503064e+000  -2.63750681e+000   1.12405937e+000  -8.95868715e-001   3.24653251e+000 
34_09_20170802.jpg  3.75295891e+001  -1.31830670e+000  -2.65016584e+000   1.15047035e+000  -1.29430907e+000   2.82852767e+000 
34_10_20170802.jpg  4.16271447e+001  -1.64170574e+000  -2.21575255e+000   1.13195145e+000  -1.49258421e+000   2.57595382e+000 
34_11_20170802.jpg  2.17178621e+001  -8.98499612e+000   9.10512008e-001   6.40279207e-001  -3.67515921e-001   3.43514712e+000 
34_12_20170802.jpg  2.30581609e+001  -1.54191356e+001   2.17314803e+000   5.10945147e-002  -3.34424331e-001   3.12250208e+000 
34_13_20170802.jpg  2.32397511e+001  -1.93389073e+001   5.62751193e+000  -1.87909079e-002  -3.96732984e-001   2.99009860e+000 
34_14_20170802.jpg -1.77096624e+000  -2.27018673e+001  -9.10875979e+001  -2.84330799e-001   1.03628212e+000   3.61388927e+000 
34_15_20170802.jpg -7.36518310e-001  -1.54012968e+001  -8.95194964e+001   6.65237316e-002   1.00006327e+000   3.63967385e+000 
34_16_20170802.jpg -3.99854809e-001  -8.33620245e+000  -8.95026863e+001   5.18053249e-001   9.79365678e-001   3.59767699e+000 
34_17_20170802.jpg -6.32013132e-001  -4.03711831e+000  -8.96318404e+001   7.86261786e-001   9.90969242e-001   3.54968038e+000 
34_18_20170802.jpg  6.74435263e+000  -2.27045311e+001  -8.96859638e+001  -4.05620937e-001   5.29015930e-001   3.42825733e+000 
34_19_20170802.jpg  1.40055530e+001  -2.26640054e+001  -8.96999388e+001  -4.02952067e-001   1.01075275e-001   3.20072303e+000 
34_20_20170802.jpg  1.87241306e+001  -2.24612995e+001  -8.97937148e+001  -3.91389859e-001  -1.60808892e-001   3.02736930e+000 
34_21_20170802.jpg -1.39196964e+000  -3.03800505e+001  -8.97251842e+001  -8.68113251e-001   1.03034264e+000   3.20978664e+000 
34_22_20170802.jpg -1.24370537e+000  -3.75034195e+001  -8.99331849e+001  -1.24646319e+000   1.01626340e+000   2.77186686e+000 
34_23_20170802.jpg -1.69532112e+000  -4.18957378e+001  -8.99460855e+001  -1.44987274e+000   1.03062818e+000   2.48195704e+000 
34_24_20170802.jpg -9.03841263e+000  -2.27216769e+001  -8.96075098e+001  -4.07765142e-001   1.50942796e+000   3.38976384e+000 
34_25_20170802.jpg -1.66056603e+001  -2.29591499e+001  -8.96359844e+001  -4.21603153e-001   1.94193562e+000   3.10917041e+000 
34_26_20170802.jpg -2.10998801e+001  -2.29763708e+001  -8.96094913e+001  -4.23042785e-001   2.18103544e+000   2.91956075e+000 
34_27_20170802.jpg -2.36073637e+001   1.85986749e-001  -1.78621934e+002   1.20499522e+000   2.60742808e+000   3.58083435e+000 
34_28_20170802.jpg -4.91632298e-001   2.30443910e+001   9.11777881e+001   2.75233167e+000   1.08786640e+000   3.59516591e+000 
