
For Photo-ID:  65_01_20180803.jpg

Camera:  65  -->  IOP parameters[xp,yp,c]: [0 , 0 , 8.44]

Image              x           y    Object              X              Y              Z  Fixed    # of Refs
Pt-ID                               Pt-ID 
5            4.00757     4.59783         5          3.782          3.778              0      1         13
7           -3.11462     2.70094         7          0.945          2.832              0      1         17
8          -0.645058     2.56254         8          1.892          2.832              0      1         18
9            1.69367     2.42968         9          2.834          2.832              0      1         18
10            3.8967      2.2988        10          3.782          2.832              0      1         18
12          -3.10234    0.244116        12          0.945          1.891              0      1         17
13         -0.711283    0.168008        13          1.892          1.891              0      1         18
14           1.56796     0.10222        14          2.834          1.891              0      1         17
15           3.75878   0.0377562        15          3.782          1.891              0      1         17
17          -3.08131    -2.04865        17          0.945          0.942              0      1         16
18         -0.777983    -2.07845        18          1.892          0.942              0      1         18
19           1.44077    -2.10294        19          2.834          0.942              0      1         18
20           3.58832    -2.13143        20          3.782          0.942              0      1         14
21          -5.27055    -4.10301        21              0              0              0      0          6
23         -0.829419     -4.1841        23          1.892              0              0      1         17
24           1.33088     -4.1858        24          2.834              0              0      1         16
25           3.42338    -4.18378        25          3.782              0              0      1         10

Exterior Orientation Parameters: [0 , 0 , 0 , 2.1 , 2.25 , 3.5]



For Photo-ID:  65_02_20180803.jpg

Camera:  65  -->  IOP parameters[xp,yp,c]: [0 , 0 , 8.44]

Image              x           y    Object              X              Y              Z  Fixed    # of Refs
Pt-ID                               Pt-ID 
2           -1.69712     4.69252         2          0.945          3.778              0      1         12
3           0.521033     4.66616         3          1.892          3.778              0      1         14
4            2.78467     4.61346         4          2.834          3.778              0      1         14
6           -3.74466     2.44822         6              0          2.832              0      1         12
7           -1.70315     2.41028         7          0.945          2.832              0      1         17
8           0.433337     2.36249         8          1.892          2.832              0      1         18
9            2.63563     2.30449         9          2.834          2.832              0      1         18
10           4.87154      2.2333        10          3.782          2.832              0      1         18
11          -3.65208    0.379846        11              0          1.891              0      1         10
12          -1.69702    0.293045        12          0.945          1.891              0      1         17
13          0.346711    0.201205        13          1.892          1.891              0      1         18
14           2.47188    0.115288        14          2.834          1.891              0      1         17
15            4.6629   0.0226116        15          3.782          1.891              0      1         17
16          -3.54329    -1.51801        16              0          0.942              0      1         10
18          0.258796    -1.79751        18          1.892          0.942              0      1         18
19           2.30864    -1.93082        19          2.834          0.942              0      1         18
23          0.184986    -3.63823        23          1.892              0              0      1         17
24           2.16115    -3.83417        24          2.834              0              0      1         16

Exterior Orientation Parameters: [-8.84138 , 5.4641 , 2.72897 , 2.13525 , 2.39926 , 3.8943]



For Photo-ID:  65_03_20180803.jpg

Camera:  65  -->  IOP parameters[xp,yp,c]: [0 , 0 , 8.44]

Image              x           y    Object              X              Y              Z  Fixed    # of Refs
Pt-ID                               Pt-ID 
2           -2.53146     4.94479         2          0.945          3.778              0      1         12
3          -0.287192      4.5359         3          1.892          3.778              0      1         14
4             1.6092     4.16773         4          2.834          3.778              0      1         14
5            3.22076     3.84802         5          3.782          3.778              0      1         13
6            -5.1482     2.78914         6              0          2.832              0      1         12
7           -2.55486     2.57109         7          0.945          2.832              0      1         17
8          -0.322127     2.36155         8          1.892          2.832              0      1         18
9            1.57179     2.17636         9          2.834          2.832              0      1         18
10           3.18836     2.01493        10          3.782          2.832              0      1         18
11          -5.10576    0.294928        11              0          1.891              0      1         10
12          -2.55676    0.263069        12          0.945          1.891              0      1         17
13         -0.357019    0.233491        13          1.892          1.891              0      1         18
14           1.51917    0.211112        14          2.834          1.891              0      1         17
15           3.14462    0.193575        15          3.782          1.891              0      1         17
16          -5.01717     -2.0841        16              0          0.942              0      1         10
17           -2.5498    -1.94908        17          0.945          0.942              0      1         16
18          -0.39915    -1.82282        18          1.892          0.942              0      1         18
19           1.45843    -1.69998        19          2.834          0.942              0      1         18
20           3.07963    -1.59489        20          3.782          0.942              0      1         14
22          -2.53528    -4.04522        22          0.945              0              0      1         12
23         -0.437358    -3.77364        23          1.892              0              0      1         17
24           1.39476    -3.53682        24          2.834              0              0      1         16
25           3.00246    -3.32459        25          3.782              0              0      1         10

Exterior Orientation Parameters: [0 , 0 , 0 , 0.95 , 2.1 , 3.5]



For Photo-ID:  65_04_20180803.jpg

Camera:  65  -->  IOP parameters[xp,yp,c]: [0 , 0 , 8.44]

Image              x           y    Object              X              Y              Z  Fixed    # of Refs
Pt-ID                               Pt-ID 
5            4.96023      4.8372         5          3.782          3.778              0      1         13
7           -2.90726     2.84571         7          0.945          2.832              0      1         17
8          -0.118586     2.64356         8          1.892          2.832              0      1         18
9            2.36933     2.45357         9          2.834          2.832              0      1         18
10           4.55226     2.27496        10          3.782          2.832              0      1         18
12          -2.81709    0.114588        12          0.945          1.891              0      1         17
13         -0.252392   0.0522464        13          1.892          1.891              0      1         18
14           2.06397   0.0108191        14          2.834          1.891              0      1         17
15           4.13572  -0.0225489        15          3.782          1.891              0      1         17
16          -5.28409    -2.22825        16              0          0.942              0      1         10
17          -2.74352    -2.19709        17          0.945          0.942              0      1         16
18         -0.377666    -2.15519        18          1.892          0.942              0      1         18
19           1.78923    -2.10143        19          2.834          0.942              0      1         18
20           3.74343    -2.03155        20          3.782          0.942              0      1         14
23         -0.472663    -4.05279        23          1.892              0              0      1         17
24           1.54449    -3.90549        24          2.834              0              0      1         16

Exterior Orientation Parameters: [-15.3992 , -9.33656 , 0.899291 , 1.46755 , 2.75209 , 3.22531]



For Photo-ID:  65_05_20180803.jpg

Camera:  65  -->  IOP parameters[xp,yp,c]: [0 , 0 , 8.44]

Image              x           y    Object              X              Y              Z  Fixed    # of Refs
Pt-ID                               Pt-ID 
1            -4.6323     4.46681         1              0          3.778              0      1          7
2           -2.43905     4.20184         2          0.945          3.778              0      1         12
3          -0.448367     3.92618         3          1.892          3.778              0      1         14
5            2.90545     3.43287         5          3.782          3.778              0      1         13
6           -4.79506     2.43997         6              0          2.832              0      1         12
7           -2.50364     2.26744         7          0.945          2.832              0      1         17
8           -0.43725     2.10778         8          1.892          2.832              0      1         18
9            1.40702     1.95606         9          2.834          2.832              0      1         18
10           3.05411     1.81691        10          3.782          2.832              0      1         18
11          -4.93863    0.251375        11              0          1.891              0      1         10
12          -2.56325    0.194965        12          0.945          1.891              0      1         17
13         -0.424959    0.151228        13          1.892          1.891              0      1         18
14           1.48049    0.109348        14          2.834          1.891              0      1         17
15            3.2056   0.0757197        15          3.782          1.891              0      1         17
16          -5.03616    -2.07344        16              0          0.942              0      1         10
17          -2.61619    -2.00964        17          0.945          0.942              0      1         16
18         -0.422952    -1.93411        18          1.892          0.942              0      1         18
19            1.5473    -1.86159        19          2.834          0.942              0      1         18
20           3.33064    -1.79657        20          3.782          0.942              0      1         14
21          -5.09598    -4.45248        21              0              0              0      0          6
22           -2.6608    -4.30291        22          0.945              0              0      1         12
23         -0.415619    -4.10781        23          1.892              0              0      1         17
25           3.44168    -3.76425        25          3.782              0              0      1         10

Exterior Orientation Parameters: [0 , 0 , 0 , 1.25 , 1.2 , 3.5]



For Photo-ID:  65_06_20180803.jpg

Camera:  65  -->  IOP parameters[xp,yp,c]: [0 , 0 , 8.44]

Image              x           y    Object              X              Y              Z  Fixed    # of Refs
Pt-ID                               Pt-ID 
7           -2.76537     2.84927         7          0.945          2.832              0      1         17
8         -0.0396886     2.57957         8          1.892          2.832              0      1         18
9            2.17018      2.3513         9          2.834          2.832              0      1         18
10           3.97569     2.16055        10          3.782          2.832              0      1         18
12           -2.7359   0.0894897        12          0.945          1.891              0      1         17
13         -0.218655   0.0813106        13          1.892          1.891              0      1         18
14           1.87027   0.0862487        14          2.834          1.891              0      1         17
16          -5.40464    -2.39627        16              0          0.942              0      1         10
17          -2.70689    -2.22602        17          0.945          0.942              0      1         16
18         -0.382171    -2.06207        18          1.892          0.942              0      1         18
19           1.60684    -1.90492        19          2.834          0.942              0      1         18
20           3.29452     -1.7569        20          3.782          0.942              0      1         14
22          -2.67113    -4.18231        22          0.945              0              0      1         12
23         -0.503009     -3.9288        23          1.892              0              0      1         17

Exterior Orientation Parameters: [-15.0332 , -15.8157 , -0.152521 , 1.0804 , 2.71889 , 3.27972]



For Photo-ID:  65_07_20180803.jpg

Camera:  65  -->  IOP parameters[xp,yp,c]: [0 , 0 , 8.44]

Image              x           y    Object              X              Y              Z  Fixed    # of Refs
Pt-ID                               Pt-ID 
2           -2.70829     4.38567         2          0.945          3.778              0      1         12
3          -0.711764     3.97233         3          1.892          3.778              0      1         14
4           0.955996     3.61578         4          2.834          3.778              0      1         14
6           -5.19404     2.62069         6              0          2.832              0      1         12
7           -2.72932     2.35985         7          0.945          2.832              0      1         17
8          -0.666021     2.13328         8          1.892          2.832              0      1         18
9            1.05673     1.93865         9          2.834          2.832              0      1         18
10            2.5127      1.7753        10          3.782          2.832              0      1         18
11            -5.274    0.270049        11              0          1.891              0      1         10
12          -2.73612    0.221506        12          0.945          1.891              0      1         17
13         -0.618083    0.188389        13          1.892          1.891              0      1         18
15           2.66925    0.144354        15          3.782          1.891              0      1         17
17          -2.73782    -2.00463        17          0.945          0.942              0      1         16
18         -0.581574    -1.84634        18          1.892          0.942              0      1         18
19           1.24235    -1.70576        19          2.834          0.942              0      1         18
22          -2.72616    -4.26259        22          0.945              0              0      1         12
23         -0.540111    -3.93846        23          1.892              0              0      1         17
24           1.34026    -3.65414        24          2.834              0              0      1         16

Exterior Orientation Parameters: [0 , 0 , 0 , 0.8 , 1.2 , 3.5]



For Photo-ID:  65_08_20180803.jpg

Camera:  65  -->  IOP parameters[xp,yp,c]: [0 , 0 , 8.44]

Image              x           y    Object              X              Y              Z  Fixed    # of Refs
Pt-ID                               Pt-ID 
3          0.0397183     4.83758         3          1.892          3.778              0      1         14
4            2.32203     4.66739         4          2.834          3.778              0      1         14
6           -4.66746     2.65404         6              0          2.832              0      1         12
7           -2.35384     2.56854         7          0.945          2.832              0      1         17
8         -0.0453416     2.46678         8          1.892          2.832              0      1         18
9            2.20959       2.356         9          2.834          2.832              0      1         18
10           4.38032     2.23849        10          3.782          2.832              0      1         18
11          -4.61111    0.353156        11              0          1.891              0      1         10
12          -2.37119    0.264946        12          0.945          1.891              0      1         17
13         -0.128853    0.179663        13          1.892          1.891              0      1         18
14           2.08076     0.10075        14          2.834          1.891              0      1         17
15           4.23737    0.025811        15          3.782          1.891              0      1         17
16          -4.52096    -1.80263        16              0          0.942              0      1         10
17          -2.38172    -1.90118        17          0.945          0.942              0      1         16
18         -0.216862    -1.99085        18          1.892          0.942              0      1         18
19           1.94632    -2.05779        19          2.834          0.942              0      1         18
20           4.07695    -2.11857        20          3.782          0.942              0      1         14
23         -0.287111     -4.0137        23          1.892              0              0      1         17
24           1.81853     -4.1006        24          2.834              0              0      1         16
25           3.90191    -4.15701        25          3.782              0              0      1         10

Exterior Orientation Parameters: [-5.73938 , -0.248099 , 2.05063 , 1.95759 , 2.19113 , 3.6972]



For Photo-ID:  65_10_20180803.jpg

Camera:  65  -->  IOP parameters[xp,yp,c]: [0 , 0 , 8.44]

Image              x           y    Object              X              Y              Z  Fixed    # of Refs
Pt-ID                               Pt-ID 
1            4.25682     4.67879         1              0          3.778              0      1          7
2            4.08537     2.30928         2          0.945          3.778              0      1         12
3            3.88511   0.0417755         3          1.892          3.778              0      1         14
4               3.68     -2.0823         4          2.834          3.778              0      1         14
5              3.479    -4.05212         5          3.782          3.778              0      1         13
6            1.92209     4.75885         6              0          2.832              0      1         12
7            1.79774     2.38878         7          0.945          2.832              0      1         17
8             1.6796     0.11747         8          1.892          2.832              0      1         18
9            1.55503    -2.02158         9          2.834          2.832              0      1         18
10           1.43387    -4.02003        10          3.782          2.832              0      1         18
11          -0.39674     4.80453        11              0          1.891              0      1         10
12         -0.472444        2.45        12          0.945          1.891              0      1         17
13         -0.533361    0.192114        13          1.892          1.891              0      1         18
14         -0.591489    -1.94924        14          2.834          1.891              0      1         17
15         -0.645404    -3.97065        15          3.782          1.891              0      1         17
16          -2.66323     4.82579        16              0          0.942              0      1         10
17             -2.71     2.53208        17          0.945          0.942              0      1         16
18          -2.72854    0.291778        18          1.892          0.942              0      1         18
19          -2.73377    -1.85281        19          2.834          0.942              0      1         18
20          -2.72243    -3.86934        20          3.782          0.942              0      1         14
21          -4.81005     4.80758        21              0              0              0      0          6
22          -4.87795     2.58506        22          0.945              0              0      1         12
23          -4.87824    0.369669        23          1.892              0              0      1         17
24          -4.83458    -1.76256        24          2.834              0              0      1         16

Exterior Orientation Parameters: [-1.05509 , -5.25698 , 92.0149 , 1.63611 , 2.18406 , 3.72714]



For Photo-ID:  65_11_20180803.jpg

Camera:  65  -->  IOP parameters[xp,yp,c]: [0 , 0 , 8.44]

Image              x           y    Object              X              Y              Z  Fixed    # of Refs
Pt-ID                               Pt-ID 
2            4.82648     2.39742         2          0.945          3.778              0      1         12
3            4.29402   -0.158392         3          1.892          3.778              0      1         14
4            3.82887    -2.27297         4          2.834          3.778              0      1         14
5            3.44087    -4.04094         5          3.782          3.778              0      1         13
7             2.1209      2.5227         7          0.945          2.832              0      1         17
8            1.84297  -0.0616827         8          1.892          2.832              0      1         18
9            1.60396    -2.20546         9          2.834          2.832              0      1         18
10           1.40252     -4.0055        10          3.782          2.832              0      1         18
12         -0.584048     2.61922        12          0.945          1.891              0      1         17
13         -0.614098   0.0357842        13          1.892          1.891              0      1         18
14         -0.643868      -2.122        14          2.834          1.891              0      1         17
15         -0.665837    -3.95173        15          3.782          1.891              0      1         17
17          -3.24402     2.72723        17          0.945          0.942              0      1         16
18          -3.04945    0.155804        18          1.892          0.942              0      1         18
19          -2.88514    -2.01542        19          2.834          0.942              0      1         18
20          -2.74054    -3.86454        20          3.782          0.942              0      1         14
22          -5.78544     2.79006        22          0.945              0              0      1         12
23          -5.43134    0.248652        23          1.892              0              0      1         17
24           -5.0938    -1.92312        24          2.834              0              0      1         16
25          -4.79049    -3.77773        25          3.782              0              0      1         10

Exterior Orientation Parameters: [0 , 0 , 90 , 1.01 , 2.3 , 3.5]



For Photo-ID:  65_12_20180803.jpg

Camera:  65  -->  IOP parameters[xp,yp,c]: [0 , 0 , 8.44]

Image              x           y    Object              X              Y              Z  Fixed    # of Refs
Pt-ID                               Pt-ID 
1            3.59932     4.06072         1              0          3.778              0      1          7
2            3.58672      2.0924         2          0.945          3.778              0      1         12
3            3.55101   0.0584724         3          1.892          3.778              0      1         14
4            3.49628    -2.00857         4          2.834          3.778              0      1         14
5            3.43287    -4.08452         5          3.782          3.778              0      1         13
6             1.5908     4.10947         6              0          2.832              0      1         12
7            1.54322     2.15546         7          0.945          2.832              0      1         17
8            1.49604    0.129795         8          1.892          2.832              0      1         18
9            1.43608    -1.94456         9          2.834          2.832              0      1         18
10           1.37136    -4.04387        10          3.782          2.832              0      1         18
11          -0.39451     4.14298        11              0          1.891              0      1         10
12         -0.481003     2.21039        12          0.945          1.891              0      1         17
13         -0.561296    0.202493        13          1.892          1.891              0      1         18
14         -0.641867    -1.86796        14          2.834          1.891              0      1         17
15         -0.722496    -3.98191        15          3.782          1.891              0      1         17
17          -2.47571     2.26693        17          0.945          0.942              0      1         16
18          -2.60015    0.285374        18          1.892          0.942              0      1         18
19          -2.71106    -1.77596        19          2.834          0.942              0      1         18
20          -2.80541    -3.86951        20          3.782          0.942              0      1         14
24          -4.72437    -1.68644        24          2.834              0              0      1         16

Exterior Orientation Parameters: [-1.95499 , 3.63307 , 92.1197 , 2.23784 , 2.29393 , 3.99554]



For Photo-ID:  65_13_20180803.jpg

Camera:  65  -->  IOP parameters[xp,yp,c]: [0 , 0 , 8.44]

Image              x           y    Object              X              Y              Z  Fixed    # of Refs
Pt-ID                               Pt-ID 
4            4.43719    -2.56598         4          2.834          3.778              0      1         14
5            4.14053    -4.76631         5          3.782          3.778              0      1         13
8            2.08309   0.0143838         8          1.892          2.832              0      1         18
9             1.9192    -2.34064         9          2.834          2.832              0      1         18
10           1.76338    -4.49444        10          3.782          2.832              0      1         18
13          -0.33181    0.136235        13          1.892          1.891              0      1         18
14          -0.39827    -2.11693        14          2.834          1.891              0      1         17
15         -0.459656    -4.20533        15          3.782          1.891              0      1         17
18          -2.51665    0.271396        18          1.892          0.942              0      1         18
19          -2.51144    -1.88777        19          2.834          0.942              0      1         18
23          -4.48399    0.375701        23          1.892              0              0      1         17
24          -4.42863    -1.69048        24          2.834              0              0      1         16

Exterior Orientation Parameters: [0 , 0 , 90 , 1.48 , 2.6 , 3.5]



For Photo-ID:  65_14_20180803.jpg

Camera:  65  -->  IOP parameters[xp,yp,c]: [0 , 0 , 8.44]

Image              x           y    Object              X              Y              Z  Fixed    # of Refs
Pt-ID                               Pt-ID 
3            5.04083   -0.335396         3          1.892          3.778              0      1         14
4            4.50632    -2.71789         4          2.834          3.778              0      1         14
5            4.06132    -4.64822         5          3.782          3.778              0      1         13
7            2.40568     2.69348         7          0.945          2.832              0      1         17
8            2.14568   -0.176667         8          1.892          2.832              0      1         18
9            1.92356    -2.50231         9          2.834          2.832              0      1         18
10            1.7394    -4.41402        10          3.782          2.832              0      1         18
12         -0.546626     2.70376        12          0.945          1.891              0      1         17
13         -0.507152  -0.0293636        13          1.892          1.891              0      1         18
14         -0.480015    -2.27634        14          2.834          1.891              0      1         17
15         -0.456162     -4.1595        15          3.782          1.891              0      1         17
17          -3.17745     2.72737        17          0.945          0.942              0      1         16
18           -2.9114    0.132288        18          1.892          0.942              0      1         18
19          -2.68669    -2.04132        19          2.834          0.942              0      1         18
20          -2.49496    -3.87966        20          3.782          0.942              0      1         14
22          -5.47426     2.71253        22          0.945              0              0      1         12
23          -5.07066    0.253798        23          1.892              0              0      1         17
24          -4.69921    -1.84101        24          2.834              0              0      1         16
25          -4.37397    -3.63118        25          3.782              0              0      1         10

Exterior Orientation Parameters: [-8.21446 , -17.4921 , 90.6079 , 0.938012 , 2.49282 , 2.98834]



For Photo-ID:  65_15_20180803.jpg

Camera:  65  -->  IOP parameters[xp,yp,c]: [0 , 0 , 8.44]

Image              x           y    Object              X              Y              Z  Fixed    # of Refs
Pt-ID                               Pt-ID 
2            4.35061     2.25472         2          0.945          3.778              0      1         12
3             4.2493  -0.0430277         3          1.892          3.778              0      1         14
4             4.1253    -2.34897         4          2.834          3.778              0      1         14
6            2.10265     4.45796         6              0          2.832              0      1         12
7            2.00446     2.28995         7          0.945          2.832              0      1         17
8            1.90346   0.0671578         8          1.892          2.832              0      1         18
9            1.78643    -2.17477         9          2.834          2.832              0      1         18
10           1.66556    -4.40817        10          3.782          2.832              0      1         18
11        -0.0625376     4.39657        11              0          1.891              0      1         10
12         -0.187268     2.30999        12          0.945          1.891              0      1         17
13          -0.30747    0.172341        13          1.892          1.891              0      1         18
14         -0.424661    -1.99479        14          2.834          1.891              0      1         17
15         -0.542121    -4.16961        15          3.782          1.891              0      1         17
16          -2.06403     4.31529        16              0          0.942              0      1         10
17          -2.21819     2.33377        17          0.945          0.942              0      1         16
18          -2.36177     0.28283        18          1.892          0.942              0      1         18
19          -2.48774    -1.80752        19          2.834          0.942              0      1         18
21           -3.8819      4.2294        21              0              0              0      0          6
22          -4.08627     2.34672        22          0.945              0              0      1         12
23          -4.24776    0.372961        23          1.892              0              0      1         17
24          -4.37397    -1.63668        24          2.834              0              0      1         16

Exterior Orientation Parameters: [0 , 0 , 90 , 2.13 , 2.6 , 3.5]



For Photo-ID:  65_16_20180803.jpg

Camera:  65  -->  IOP parameters[xp,yp,c]: [0 , 0 , 8.44]

Image              x           y    Object              X              Y              Z  Fixed    # of Refs
Pt-ID                               Pt-ID 
1            3.62288     4.41245         1              0          3.778              0      1          7
2            3.46848      2.2147         2          0.945          3.778              0      1         12
3             3.2971    0.118229         3          1.892          3.778              0      1         14
4            3.12259    -1.85012         4          2.834          3.778              0      1         14
5            2.95748    -3.69056         5          3.782          3.778              0      1         13
6            1.58944     4.69746         6              0          2.832              0      1         12
7            1.48286      2.3673         7          0.945          2.832              0      1         17
8            1.38185    0.137211         8          1.892          2.832              0      1         18
9            1.27459     -1.9587         9          2.834          2.832              0      1         18
10           1.17157    -3.91936        10          3.782          2.832              0      1         18
12         -0.748064     2.52848        12          0.945          1.891              0      1         17
13         -0.785524    0.162337        13          1.892          1.891              0      1         18
14         -0.825037    -2.06763        14          2.834          1.891              0      1         17
15         -0.857479    -4.16752        15          3.782          1.891              0      1         17
17          -3.25038     2.72493        17          0.945          0.942              0      1         16
18          -3.23269    0.221434        18          1.892          0.942              0      1         18
19          -3.20169    -2.16152        19          2.834          0.942              0      1         18
20          -3.15488    -4.39815        20          3.782          0.942              0      1         14
22          -5.98218       2.891        22          0.945              0              0      1         12
23          -5.94979    0.256892        23          1.892              0              0      1         17
24           -5.8439    -2.27213        24          2.834              0              0      1         16
25          -5.68192    -4.61575        25          3.782              0              0      1         10

Exterior Orientation Parameters: [13.5717 , -6.68025 , 91.9903 , 1.53705 , 1.36065 , 3.51341]



For Photo-ID:  65_18_20180803.jpg

Camera:  65  -->  IOP parameters[xp,yp,c]: [0 , 0 , 8.44]

Image              x           y    Object              X              Y              Z  Fixed    # of Refs
Pt-ID                               Pt-ID 
1            3.28929     3.83569         1              0          3.778              0      1          7
2            3.29495     2.00594         2          0.945          3.778              0      1         12
3            3.27719    0.162907         3          1.892          3.778              0      1         14
4            3.24715    -1.66971         4          2.834          3.778              0      1         14
5            3.21488    -3.47598         5          3.782          3.778              0      1         13
6            1.56907     4.04527         6              0          2.832              0      1         12
7              1.574     2.12769         7          0.945          2.832              0      1         17
8            1.57946    0.184421         8          1.892          2.832              0      1         18
9            1.56974    -1.76494         9          2.834          2.832              0      1         18
10           1.55696    -3.69612        10          3.782          2.832              0      1         18
11         -0.337781      4.2673        11              0          1.891              0      1         10
12         -0.344111     2.25632        12          0.945          1.891              0      1         17
13         -0.337506    0.205766        13          1.892          1.891              0      1         18
14         -0.338136    -1.86346        14          2.834          1.891              0      1         17
15         -0.341221    -3.93558        15          3.782          1.891              0      1         17
16          -2.44592     4.48051        16              0          0.942              0      1         10
17          -2.48103     2.40225        17          0.945          0.942              0      1         16
18          -2.49638    0.246632        18          1.892          0.942              0      1         18
19          -2.50356    -1.95357        19          2.834          0.942              0      1         18
20          -2.49869    -4.15539        20          3.782          0.942              0      1         14
21          -4.70664      4.6783        21              0              0              0      0          6
22          -4.82685     2.54412        22          0.945              0              0      1         12
23          -4.89283    0.276528        23          1.892              0              0      1         17
24           -4.9179     -2.0524        24          2.834              0              0      1         16
25          -4.89173    -4.36898        25          3.782              0              0      1         10

Exterior Orientation Parameters: [12.9195 , 0.159243 , 90.2215 , 1.9813 , 1.15595 , 3.93378]



For Photo-ID:  65_09_20180803.jpg

Camera:  65  -->  IOP parameters[xp,yp,c]: [0 , 0 , 8.44]

Image              x           y    Object              X              Y              Z  Fixed    # of Refs
Pt-ID                               Pt-ID 
1            -5.3877     4.93742         1              0          3.778              0      1          7
2           -2.92187     4.84433         2          0.945          3.778              0      1         12
3           -0.49439     4.68172         3          1.892          3.778              0      1         14
4            1.79834     4.49867         4          2.834          3.778              0      1         14
5            3.93369     4.29866         5          3.782          3.778              0      1         13
6           -5.04787     2.42494         6              0          2.832              0      1         12
7           -2.77407      2.3434         7          0.945          2.832              0      1         17
8           -0.55643     2.23887         8          1.892          2.832              0      1         18
9             1.5572      2.1432         9          2.834          2.832              0      1         18
10           3.55246     2.04441        10          3.782          2.832              0      1         18
11          -4.71235     0.30738        11              0          1.891              0      1         10
12          -2.63868     0.24322        12          0.945          1.891              0      1         17
13          -0.61275     0.17794        13          1.892          1.891              0      1         18
14           1.34004     0.13305        14          2.834          1.891              0      1         17
15           3.19895     0.09228        15          3.782          1.891              0      1         17
16          -4.43154    -1.49013        16              0          0.942              0      1         10
17           -2.5313    -1.53833        17          0.945          0.942              0      1         16
18          -0.66436     -1.5756        18          1.892          0.942              0      1         18
19            1.1514    -1.59753        19          2.834          0.942              0      1         18
20           2.88537    -1.59671        20          3.782          0.942              0      1         14
21          -4.19557    -3.02777        21              0              0              0      0          6
22           -2.4407    -3.06606        22          0.945              0              0      1         12
23          -0.70131    -3.09871        23          1.892              0              0      1         17
24           0.99217    -3.09563        24          2.834              0              0      1         16
25           2.62277    -3.07743        25          3.782              0              0      1         10

Exterior Orientation Parameters: [0 , 0 , 0 , 1.6 , 3.2 , 3.5]



For Photo-ID:  65_17_20180803.jpg

Camera:  65  -->  IOP parameters[xp,yp,c]: [0 , 0 , 8.44]

Image              x           y    Object              X              Y              Z  Fixed    # of Refs
Pt-ID                               Pt-ID 
1             4.6187     4.51899         1              0          3.778              0      1          7
2             4.2446      2.1738         2          0.945          3.778              0      1         12
3            3.87103     0.06177         3          1.892          3.778              0      1         14
4            3.52376    -1.81199         4          2.834          3.778              0      1         14
5            3.21581    -3.47856         5          3.782          3.778              0      1         13
6            2.50814      4.8601         6              0          2.832              0      1         12
7            2.23171     2.34603         7          0.945          2.832              0      1         17
8            1.98129     0.09176         8          1.892          2.832              0      1         18
9            1.74438    -1.90657         9          2.834          2.832              0      1         18
10           1.53652    -3.67725        10          3.782          2.832              0      1         18
12           -0.0339     2.52952        12          0.945          1.891              0      1         17
13          -0.15259     0.12998        13          1.892          1.891              0      1         18
14          -0.26125    -1.99528        14          2.834          1.891              0      1         17
15           -0.3602    -3.89174        15          3.782          1.891              0      1         17
17          -2.56681     2.73465        17          0.945          0.942              0      1         16
18          -2.54527     0.19581        18          1.892          0.942              0      1         18
19          -2.51979    -2.06973        19          2.834          0.942              0      1         18
20          -2.49161    -4.10405        20          3.782          0.942              0      1         14
22          -5.34645     2.92688        22          0.945              0              0      1         12
23          -5.19612     0.25175        23          1.892              0              0      1         17
24          -5.03518    -2.15865        24          2.834              0              0      1         16
25          -4.85747    -4.31123        25          3.782              0              0      1         10

Exterior Orientation Parameters: [0 , 0 , 90 , 1.25 , 1.1 , 3.5]




Coordinate Space data: 
Object                X              Y              Z
Pt-ID   
5                 3.782          3.778              0
7                 0.945          2.832              0
8                 1.892          2.832              0
9                 2.834          2.832              0
10                3.782          2.832              0
12                0.945          1.891              0
13                1.892          1.891              0
14                2.834          1.891              0
15                3.782          1.891              0
17                0.945          0.942              0
18                1.892          0.942              0
19                2.834          0.942              0
20                3.782          0.942              0
21                    0              0              0
23                1.892              0              0
24                2.834              0              0
25                3.782              0              0
2                 0.945          3.778              0
3                 1.892          3.778              0
4                 2.834          3.778              0
6                     0          2.832              0
11                    0          1.891              0
16                    0          0.942              0
22                0.945              0              0
1                     0          3.778              0


The Cameras involved: 

 Camera ID:  65
 IOP Treated as Parameter w.c.accuracy(1:yes, 0:no)  :0     Treated totally as Constant (0:yes, 1:no) :   1
   xp: 0  yp:  0  c: 8.44
 Distortions Treated as Parameter w.c.accuracy(1:yes, 0:no)   :0  Treated totally as Constant (0:yes, 1:no):   1

Matrix inversion implemented using option #: 4


Fixed Parameters for Images

65_01_20180803.jpg    0.00    0.00  0  0  0  0  0  0
65_02_20180803.jpg    0.00    0.00  0  0  0  0  0  0
65_03_20180803.jpg    0.00    0.00  0  0  0  0  0  0
65_04_20180803.jpg    0.00    0.00  0  0  0  0  0  0
65_05_20180803.jpg    0.00    0.00  0  0  0  0  0  0
65_06_20180803.jpg    0.00    0.00  0  0  0  0  0  0
65_07_20180803.jpg    0.00    0.00  0  0  0  0  0  0
65_08_20180803.jpg    0.00    0.00  0  0  0  0  0  0
65_10_20180803.jpg    0.00    0.00  0  0  0  0  0  0
65_11_20180803.jpg    0.00    0.00  0  0  0  0  0  0
65_12_20180803.jpg    0.00    0.00  0  0  0  0  0  0
65_13_20180803.jpg    0.00    0.00  0  0  0  0  0  0
65_14_20180803.jpg    0.00    0.00  0  0  0  0  0  0
65_15_20180803.jpg    0.00    0.00  0  0  0  0  0  0
65_16_20180803.jpg    0.00    0.00  0  0  0  0  0  0
65_18_20180803.jpg    0.00    0.00  0  0  0  0  0  0
65_09_20180803.jpg    0.00    0.00  0  0  0  0  0  0
65_17_20180803.jpg    0.00    0.00  0  0  0  0  0  0


Fixed Parameters for Cameras

65         IOP  0  0  0
DISRORTION    1  0  0  0  0  0  1
GPS OFFSET    1  1  1


Fixed Ground Coordinates
5         0  0  0
7         0  0  0
8         0  0  0
9         0  0  0
10        0  0  0
12        0  0  0
13        0  0  0
14        0  0  0
15        0  0  0
17        0  0  0
18        0  0  0
19        0  0  0
20        0  0  0
21        1  1  1
23        0  0  0
24        0  0  0
25        0  1  1
2         0  0  0
3         0  0  1
4         0  0  0
6         0  0  0
11        0  0  0
16        0  0  0
22        0  0  0
1         0  0  0
